
H = 5400
l	-500	-450	-400	-350	-300	-250	-200	-150	-100	-50	0	50	100	150	200	250	300	350	400	450	500	
left	1051,1137,1224,1311,1398,1485,1572,1660,1748,1835,1923,2011,2100,2189,2278,2367,2456,2546,2635,2725,2815,
cent	2668,2581,2494,2407,2320,2234,2147,2060,1973,1886,1800,1714,1627,1540,1453,1366,1280,1193,1106,1019,932,
right	2815,2725,2635,2546,2456,2367,2278,2189,2100,2011,1923,1835,1748,1660,1572,1485,1398,1311,1224,1137,1051,
H = 5600
l	-500	-450	-400	-350	-300	-250	-200	-150	-100	-50	0	50	100	150	200	250	300	350	400	450	500	
left	1038,1122,1205,1289,1373,1457,1541,1626,1710,1795,1879,1964,2049,2135,2220,2306,2392,2478,2565,2651,2738,
cent	2637,2553,2469,2385,2302,2218,2134,2051,1967,1883,1800,1717,1633,1549,1466,1382,1298,1215,1131,1047,963,
right	2738,2651,2565,2478,2392,2306,2220,2135,2049,1964,1879,1795,1710,1626,1541,1457,1373,1289,1205,1122,1038,
H = 5800
l	-500	-450	-400	-350	-300	-250	-200	-150	-100	-50	0	50	100	150	200	250	300	350	400	450	500	
left	1027,1107,1188,1269,1350,1431,1512,1593,1675,1757,1838,1920,2002,2085,2167,2250,2333,2416,2499,2583,2666,
cent	2608,2527,2446,2365,2284,2204,2123,2042,1961,1880,1800,1720,1639,1558,1477,1396,1316,1235,1154,1073,992,
right	2666,2583,2499,2416,2333,2250,2167,2085,2002,1920,1838,1757,1675,1593,1512,1431,1350,1269,1188,1107,1027,
H = 6000
l	-500	-450	-400	-350	-300	-250	-200	-150	-100	-50	0	50	100	150	200	250	300	350	400	450	500	
left	1016,1094,1172,1250,1328,1406,1485,1564,1642,1721,1800,1879,1958,2038,2118,2197,2278,2358,2438,2519,2599,
cent	2581,2503,2425,2346,2268,2190,2112,2034,1956,1878,1800,1722,1644,1566,1488,1410,1332,1254,1175,1097,1019,
right	2599,2519,2438,2358,2278,2197,2118,2038,1958,1879,1800,1721,1642,1564,1485,1406,1328,1250,1172,1094,1016,
H = 6200
l	-500	-450	-400	-350	-300	-250	-200	-150	-100	-50	0	50	100	150	200	250	300	350	400	450	500	
left	1006,1081,1157,1232,1308,1384,1460,1536,1612,1688,1765,1840,1917,1994,2071,2148,2226,2303,2381,2459,2537,
cent	2556,2480,2404,2329,2253,2178,2102,2026,1951,1875,1800,1725,1649,1574,1498,1422,1347,1271,1196,1120,1044,
right	2537,2459,2381,2303,2226,2148,2071,1994,1917,1840,1765,1688,1612,1536,1460,1384,1308,1232,1157,1081,1006,
H = 6400
l	-500	-450	-400	-350	-300	-250	-200	-150	-100	-50	0	50	100	150	200	250	300	350	400	450	500	
left	997,1070,1143,1216,1289,1362,1436,1509,1583,1657,1731,1804,1879,1953,2028,2103,2177,2253,2328,2403,2478,
cent	2532,2459,2385,2312,2239,2166,2092,2019,1946,1873,1800,1727,1654,1581,1508,1434,1361,1288,1215,1141,1068,
right	2478,2403,2328,2253,2177,2103,2028,1953,1879,1804,1731,1657,1583,1509,1436,1362,1289,1216,1143,1070,997,
H = 6600
l	-500	-450	-400	-350	-300	-250	-200	-150	-100	-50	0	50	100	150	200	250	300	350	400	450	500	
left	988,1059,1129,1200,1271,1342,1414,1485,1556,1628,1700,1772,1843,1915,1987,2060,2132,2205,2278,2350,2424,
cent	2510,2439,2368,2297,2226,2155,2084,2013,1942,1871,1800,1729,1658,1587,1516,1445,1374,1303,1232,1161,1090,
right	2424,2350,2278,2205,2132,2060,1987,1915,1843,1772,1700,1628,1556,1485,1414,1342,1271,1200,1129,1059,988,
H = 6800
l	-500	-450	-400	-350	-300	-250	-200	-150	-100	-50	0	50	100	150	200	250	300	350	400	450	500	
left	980,1048,1117,1186,1254,1323,1393,1462,1531,1601,1670,1740,1809,1879,1949,2019,2089,2160,2230,2301,2372,
cent	2489,2420,2351,2282,2213,2144,2075,2006,1937,1868,1800,1732,1663,1594,1525,1456,1387,1318,1249,1180,1111,
right	2372,2301,2230,2160,2089,2019,1949,1879,1809,1740,1670,1601,1531,1462,1393,1323,1254,1186,1117,1048,980,